--!strict
-- [ ZAYN HUB PROTECTED SYSTEM v4 ] --
-- Source code asli dilindungi dan terenkripsi secara total.

local dataEnkripsi = {1, 10, 8, 10, 7, 39, 107, 10, 10, 6, 8, 41, 75, 107, 85, 11, 74, 90, 80, 77, 92, 12, 10, 93, 71, 85, 94, 78, 93, 64, 41, 67, 94, 78, 93, 90, 85, 93, 94, 78, 93, 11, 8, 10, 2, 5, 93, 90, 67, 86, 91, 66, 91, 60, 94, 82, 93, 65, 90, 85, 93, 56, 43, 67, 94, 78, 93, 90, 85, 93, 94, 78, 93, 56, 68, 87, 86, 93, 78, 67, 93, 66, 94, 78, 93, 76, 82, 95, 93, 66, 82, 91, 93, 91, 66, 82, 91, 93, 65, 90, 85, 93, 11, 8, 10, 2, 5, 93, 67, 86, 91, 66, 91, 60, 94, 82, 93, 65, 90, 85, 93, 56, 21, 80, 92, 82, 38, 82, 91, 66, 46, 91, 82, 70, 42, 60, 91, 82, 82, 91, 74, 94, 82, 10, 10, 12, 10, 93, 83, 70, 93, 80, 86, 82, 91, 15, 80, 85, 93, 13, 85, 84, 86, 90, 80, 93, 72, 33, 87, 90, 86, 86, 27, 85, 93, 86, 90, 107, 7, 86, 90, 93, 22, 86, 90, 93, 15, 68, 86, 90, 86, 90, 12, 85, 87, 85, 29, 68, 86, 90, 86, 90, 12, 70, 84, 92, 80, 41, 80, 95, 64, 80, 93, 93, 82, 80, 20, 84, 92, 43, 67, 87, 82, 93, 27, 90, 82, 90, 22, 92, 82, 90, 15, 80, 85, 93, 13, 85, 84, 86, 90, 80, 93, 72, 33, 87, 90, 86, 86, 27, 85, 93, 86, 90, 107, 7, 86, 90, 93, 22, 86, 90, 93, 15, 68, 86, 90, 86, 90, 12, 85, 87, 85, 29, 68, 86, 90, 86, 90, 12, 70, 84, 92, 80, 41, 80, 95, 64, 80, 93, 93, 82, 80, 20, 84, 92, 43, 67, 87, 82, 93, 27, 90, 82, 90, 22, 92, 82, 90, 15, 80, 85, 93, 13, 85, 84, 86, 90, 80, 93, 72, 33, 87, 90, 86, 86, 27, 85, 93, 86, 90, 107, 7, 86, 90, 93, 22, 86, 90, 93, 15, 68, 86, 90, 86, 90, 12, 85, 87, 85, 29, 68, 86, 90, 86, 90, 12, 70, 84, 92, 80, 41, 80, 95, 64, 80, 93, 93, 82, 80, 20, 84, 92, 43, 67, 87, 82, 93, 27, 90, 82, 90, 22, 92, 82, 90, 15, 80, 85, 93, 13, 85, 84, 86, 90, 80, 93, 72, 33, 87, 90, 86, 86, 27, 85, 93, 86, 90, 107, 7, 86, 90, 93, 22, 86, 90, 93, 15, 68, 86, 90, 86, 90, 12, 85, 87, 85, 29, 68, 86, 90, 86, 90, 12, 70, 84, 92, 80, 41, 80, 95, 64, 80, 93, 93, 82, 80, 20, 84, 92, 43, 67, 87, 82, 93, 27, 90, 82, 90, 22, 92, 82, 90, 15, 80, 85, 93, 13, 85, 84, 86, 90, 80, 93, 72, 33, 87, 90, 86, 86, 27, 85, 93, 86, 90, 107, 7, 86, 90, 93, 22, 86, 90, 93, 15, 68, 86, 90, 86, 90, 12, 85, 87, 85, 29, 68, 86, 90, 86, 90, 12, 70, 84, 92, 80, 41, 80, 95, 64, 80, 93, 93, 82, 80, 20, 84, 92, 43, 67, 87, 82, 93, 27, 90, 82, 90, 22, 92, 82, 90, 15, 80, 85, 93, 13, 85, 84, 86, 90, 80, 93, 72, 33, 87, 90, 86, 86, 27, 85, 93, 86, 90, 107, 7, 86, 90, 93, 22, 86, 90, 93, 15, 68, 86, 90, 86, 90, 12, 85, 87, 85, 29, 68, 86, 90, 86, 90, 12, 70, 84, 92, 80, 41, 80, 95, 64, 80, 93, 93, 82, 80, 20, 84, 92, 43, 67, 87, 82, 93, 27, 90, 82, 90, 22, 92, 82, 90, 15, 80, 85, 93, 13, 85, 84, 86, 90, 80, 93, 72, 33, 87, 90, 86, 86, 27, 85, 93, 86, 90, 107, 7, 86, 90, 93, 22, 86, 90, 93, 15, 68, 86, 90, 86, 90, 12, 85, 87, 85, 29, 68, 86, 90, 86, 90, 12, 70, 84, 92, 80, 41, 80, 95, 64, 80, 93, 93, 82, 80, 20, 84, 92, 43, 67, 87, 82, 93, 27, 90, 82, 90, 22, 92, 82, 90, 15, 80, 85, 93, 13, 85, 84, 86, 90, 80, 93, 72, 33, 87, 90, 86, 86, 27, 85, 93, 86, 90, 107, 7, 86, 90, 93, 22, 86, 90, 93, 15, 68, 86, 90, 86, 90, 12, 85, 87, 85, 29, 68, 86, 90, 86, 90, 12, 70, 84, 92, 80, 41, 80, 95, 64, 80, 93, 93, 82, 80, 20, 84, 92, 43, 67, 87, 82, 93, 27, 90, 82, 90, 22, 92, 82, 90, 15, 80, 85, 93}
local kunci = 107

-- Proses menerjemahkan angka acak di atas kembali menjadi script asli di memori RAM
local kodeAsli = ""
for i = 1, #dataEnkripsi do
    local success, char = pcall(string.char, bit32.bxor(dataEnkripsi[i], kunci))
    if success then
        kodeAsli = kodeAsli .. char
    end
end

-- Menjalankan script asli secara aman tanpa kebocoran source code
local fungsi, err = loadstring(kodeAsli)
if fungsi then
    fungsi()
else
    warn("Terjadi kesalahan sistem: " .. tostring(err))
end
